393   169   618   742   167   276   300   305   695   401    86   630   676   700    42   197    12   892   327   136   252   807    27   539   900
 949   436   555   504   395   472   267   377   432   271   699   228    49   200   422    98   497   906   421    59   760   778    20   909    39
  64   857   481   641   818   896   982   495    62   891   729   913   770   771   454   927   652   114   704   457   286   572   281     1   964
 158   822   285   872   369   506   799   929   139   143   893   832    68   737   468   823   313   275    55   970   728   576   183   182   847
 865   163   524   251   903   223   465   192   952   367   335   708   269   164   507    81    43   529   131   966   701   702   297   635   397
 820   419   658   587   955   633   339   485    47   491   179   460    44    65    69   475   373   259   886   382   155   501   148   154   331
 789   687    66   113   444   214   494    73   237   488   279   249   867   674   161   328   456   420   644   108   392   219   712   193   250
 905   558   511   624   225   948   482    11   480   617   233   215   968   531   871   280   732   284   536   973   437   655   763   150   270
 132   564   599   516   749    75   639   784   309   277   696    34   385   325   612   800   222    14   615   640   998   812   597    16   449
 483   783     3   153   384   648   257   470   960   165   631   834   954   816   447   922    92   610   440   629   826   144   450   711   441
 646   149   877   775   500   920    32   852   713   774   530   129   710   595   627   323   540   268   121   272   881   534   406   795   741
  79   767  1000    74   341   984   637   128   365    60   956   298   210   548   607   714   858   942   458   503   890   780    41   462   694
 354   967   303   125   320   425   343   680   861   240   532   662   102   569   773   586    23   653    85   669   854    77   883   342   636
 917   290   346   619   667   152   721   337   811    56   863     8   813   455   553   535   660   133   894    88   302   974   907   931   314
 238   596   383    82   707   137   260   247   318   334   489    48   801   547     6   673   261   864   293   394   993   209   898   831   351
 207   459   100   567   592    72    94   733   308   937   678   579   679   611   291   417   224   875   705   744   423   157   904   445   104
 781    19   336   965   932   201    53   659   671   790   574   191   526   947   232   995   135   918   556   603   145   897   476   839   853
 537   623   938   723   830   188    46   431   429   884   350   202   798   959   387   752    93   785   498   372    70   127   924   316   156
 996   916   751   869   940   283   256   391   239   829   672    15   115   725   442   299   434   758   467   230   911    87   231   147   889
 870   805   756   815   561   110   584   407   919   969   306   546   435   581   736   943   625   398   479   264   684   570   939   764   792
 499   901   146   551   160   663   439   685   976   677   130   972   184    29   987   683   376   289   510   533   804   971   634   566   626
 608   717   688   840   613   882   124   400   951   380   824   390     2   914   638   985   868   220    99   848   273    35   675   189   657
 358   552   175   681     7   477   668   709   138   375   817   107   934   860    54   697    71   196   487   520   885   248   577   265   786
 347   642    89    83   525   413   963   241   743    21   895   879   594    24   643   282   221   621    91   186   794   344   112   338   109
 433   649   656   992   862   787   170   759   821   994   986   930   414   356   944   177   159   378   735   980   363   768   632   606   910